              precision    recall  f1-score   support

           A       1.00      1.00      1.00        13
           B       0.81      1.00      0.89        21
           C       0.83      1.00      0.91        29
           D       0.88      0.78      0.82        27
           E       0.96      0.93      0.95        28
           F       1.00      0.70      0.83        27
           G       1.00      1.00      1.00        29
           H       1.00      1.00      1.00        28
           I       0.68      1.00      0.81        27
           J       0.97      1.00      0.98        28
           K       0.53      0.30      0.38        27
           L       1.00      1.00      1.00        27
           M       0.33      0.33      0.33        27
           N       0.31      0.29      0.30        28
        None       1.00      1.00      1.00        28
           O       1.00      0.81      0.90        27
           P       1.00      1.00      1.00        29
           Q       1.00      1.00      1.00        27
           R       1.00      0.71      0.83        28
           S       0.96      0.96      0.96        27
           T       1.00      1.00      1.00        27
           U       0.96      0.93      0.94        27
           V       0.53      0.89      0.67        28
           W       1.00      1.00      1.00        27
           X       0.81      0.97      0.88        30
           Y       1.00      0.82      0.90        28
           Z       0.95      0.78      0.86        27

    accuracy                           0.86       726
   macro avg       0.87      0.86      0.86       726
weighted avg       0.87      0.86      0.85       726
