Classification Report

              precision    recall  f1-score   support

           A       1.00      1.00      1.00         9
           B       1.00      1.00      1.00        14
           C       1.00      1.00      1.00        20
           D       1.00      1.00      1.00        18
           E       1.00      1.00      1.00        19
           F       1.00      1.00      1.00        18
           G       1.00      1.00      1.00        20
           H       1.00      1.00      1.00        19
           I       1.00      1.00      1.00        18
           J       1.00      1.00      1.00        19
           K       1.00      1.00      1.00        18
           L       1.00      1.00      1.00        18
           M       1.00      1.00      1.00        18
           N       1.00      1.00      1.00        19
        None       1.00      1.00      1.00        19
           O       1.00      1.00      1.00        18
           P       1.00      1.00      1.00        20
           Q       1.00      1.00      1.00        18
           R       1.00      1.00      1.00        19
           S       1.00      1.00      1.00        18
           T       1.00      1.00      1.00        18
           U       1.00      1.00      1.00        18
           V       1.00      1.00      1.00        19
           W       1.00      1.00      1.00        19
           X       1.00      1.00      1.00        20
           Y       1.00      1.00      1.00        19
           Z       1.00      1.00      1.00        19

    accuracy                           1.00       491
   macro avg       1.00      1.00      1.00       491
weighted avg       1.00      1.00      1.00       491
