              precision    recall  f1-score   support

           A       1.00      1.00      1.00        18
           B       1.00      1.00      1.00        29
           C       1.00      1.00      1.00        39
           D       1.00      1.00      1.00        36
           E       1.00      0.89      0.94        37
           F       1.00      1.00      1.00        36
           G       1.00      1.00      1.00        40
           H       1.00      1.00      1.00        38
           I       0.92      1.00      0.96        36
           J       1.00      1.00      1.00        39
           K       1.00      1.00      1.00        36
           L       1.00      1.00      1.00        36
           M       1.00      1.00      1.00        36
           N       0.90      1.00      0.95        38
        None       1.00      1.00      1.00        38
           O       1.00      1.00      1.00        36
           P       1.00      1.00      1.00        40
           Q       1.00      1.00      1.00        36
           R       1.00      1.00      1.00        38
           S       1.00      1.00      1.00        37
           T       1.00      1.00      1.00        36
           U       1.00      0.92      0.96        37
           V       1.00      1.00      1.00        38
           W       1.00      1.00      1.00        37
           X       1.00      1.00      1.00        40
           Y       1.00      1.00      1.00        38
           Z       1.00      1.00      1.00        37

    accuracy                           0.99       982
   macro avg       0.99      0.99      0.99       982
weighted avg       0.99      0.99      0.99       982
